333
444333
444333
444333
444333
444333
444333
444333
444333
444333
444333
444333
444333
444333
444333
444333
444333
444333
444333
444333
444333
444333
444333
444333
444333
444333
444333
444333
444333
444333
444333
444333
444333
444333
444333
444333
444333
444333
444333
444333
444333
444333
444333
444333
444333
444333
444333
444333
444333
444333
444333
444333
444333
444333
444333
444333
444333
444333
444333
444333
444333
444333
444333
444333
444333
444333
444333
444333
444333
444333
444333
444333
444333
444333
444333
444333
444333
444333
444333
444333
444333
444333
444333
444333
444333
444333
444333
444333
444333
444333
444333
444333
444333
444333
444333
444333
444333
444333
444333
444333
444333
444333
444333
444333
444333
444333
444333
444333
444333
444333
444333
444
